testdata = [[[0, 25, 18, 999, 999, 999, 2, 20, 999, 999], [25, 0, 10, 999, 17, 9, 28, 14, 4, 19], [18, 10, 0, 999, 20, 999, 14, 11, 24, 1], [999, 999, 999, 0, 15, 5, 21, 999, 999, 6], [999, 17, 20, 15, 0, 6, 20, 999, 21, 999], [999, 9, 999, 5, 6, 0, 3, 999, 29, 22], [2, 28, 14, 21, 20, 3, 0, 15, 23, 999], [20, 14, 11, 999, 999, 999, 15, 0, 999, 999], [999, 4, 24, 999, 21, 29, 23, 999, 0, 999], [999, 19, 1, 6, 999, 22, 999, 999, 999, 0]], [[0, 26, 20, 27, 30, 29, 8, 10, 999, 17], [26, 0, 9, 5, 29, 999, 21, 29, 30, 17], [20, 9, 0, 28, 11, 9, 19, 27, 8, 21], [27, 5, 28, 0, 10, 1, 999, 29, 13, 12], [30, 29, 11, 10, 0, 18, 12, 9, 14, 19], [29, 999, 9, 1, 18, 0, 10, 999, 999, 999], [8, 21, 19, 999, 12, 10, 0, 3, 999, 2], [10, 29, 27, 29, 9, 999, 3, 0, 2, 6], [999, 30, 8, 13, 14, 999, 999, 2, 0, 8], [17, 17, 21, 12, 19, 999, 2, 6, 8, 0]], [[0, 17, 999, 19, 2, 10, 999, 26, 19, 999], [17, 0, 15, 30, 23, 999, 999, 28, 9, 23], [999, 15, 0, 26, 28, 17, 999, 999, 28, 16], [19, 30, 26, 0, 6, 19, 999, 999, 999, 27], [2, 23, 28, 6, 0, 10, 27, 25, 12, 999], [10, 999, 17, 19, 10, 0, 17, 999, 999, 999], [999, 999, 999, 999, 27, 17, 0, 25, 15, 12], [26, 28, 999, 999, 25, 999, 25, 0, 999, 26], [19, 9, 28, 999, 12, 999, 15, 999, 0, 999], [999, 23, 16, 27, 999, 999, 12, 26, 999, 0]], [[0, 15, 999, 999, 20, 20, 30, 999, 999, 29], [15, 0, 999, 1, 999, 1, 10, 3, 24, 999], [999, 999, 0, 8, 11, 20, 4, 10, 999, 20], [999, 1, 8, 0, 27, 9, 7, 17, 999, 999], [20, 999, 11, 27, 0, 4, 23, 26, 7, 25], [20, 1, 20, 9, 4, 0, 28, 22, 6, 999], [30, 10, 4, 7, 23, 28, 0, 999, 999, 16], [999, 3, 10, 17, 26, 22, 999, 0, 22, 24], [999, 24, 999, 999, 7, 6, 999, 22, 0, 7], [29, 999, 20, 999, 25, 999, 16, 24, 7, 0]], [[0, 29, 21, 999, 2, 7, 2, 16, 17, 999], [29, 0, 999, 999, 19, 22, 24, 999, 999, 19], [21, 999, 0, 21, 15, 14, 999, 999, 999, 14], [999, 999, 21, 0, 2, 3, 18, 15, 22, 28], [2, 19, 15, 2, 0, 8, 1, 999, 16, 19], [7, 22, 14, 3, 8, 0, 2, 28, 999, 16], [2, 24, 999, 18, 1, 2, 0, 999, 11, 26], [16, 999, 999, 15, 999, 28, 999, 0, 999, 7], [17, 999, 999, 22, 16, 999, 11, 999, 0, 4], [999, 19, 14, 28, 19, 16, 26, 7, 4, 0]]]